85|99,66
11|18,38
56|16,50
12|01,04
69|95,69
67|21,40
14|12,81
22|86,09
93|94,77
41|75,12
81|08,72
29|40,31
57|26,68
79|34,61
71|47,69
84|44,11
58|46,89
88|92,25
52|10,58
81|72,00
67|63,22
64|59,18
26|69,58
17|87,54
15|35,46
5|65,71
69|10,17
19|56,36
26|89,68
42|84,08
33|64,72
78|12,49
3|10,93
48|58,63
96|81,14
68|19,07
69|84,96
34|61,65
59|73,46
62|27,57
84|73,15
29|41,40
47|89,80
14|34,27
93|52,97
50|68,42
81|81,63
45|53,86
29|85,35
70|22,01
53|72,25
35|46,41
62|55,31
45|17,39
65|80,86
85|63,32
70|80,75
75|86,83
72|66,40
22|71,74
31|69,18
59|64,50
66|89,10
39|01,26
79|46,39
28|95,60
90|91,59
91|44,92
80|00,51
6|62,35
47|56,37
9|02,31
30|72,95
17|88,13
13|28,82
13|53,27
60|63,50
11|67,16
6|60,32
61|86,31
66|16,19
1|56,60
62|17,62
47|32,62
55|93,36
30|44,78
60|62,12
59|70,25
72|04,07
38|54,81
85|50,06
48|14,98
80|10,72
20|24,30
75|61,44
71|77,96
45|78,78
59|95,35
82|25,74
3|95,38
15|55,96
50|24,36
27|42,57
76|70,34
82|77,84
78|68,20
9|59,38
37|65,25
72|68,76
6|08,65
70|16,43
86|03,15
59|91,20
9|84,94
92|64,12
80|77,09
95|97,05
48|31,06
82|89,38
0|07,91
43|67,68
70|38,03
87|83,68
59|82,29
35|03,18
88|81,21
69|27,55
57|03,94
30|61,13
17|11,31
60|42,40
82|38,56
52|07,50
68|32,15
72|47,21
2|49,54
61|13,26
65|42,55
81|89,27
53|74,43
40|05,89
6|33,94
8|74,89
52|25,40
10|94,94
42|12,70
24|90,43
70|13,63
49|79,86
20|97,53
22|50,68
39|18,17
27|75,52
84|10,52
57|79,39
14|95,43
15|11,48
94|21,38
2|62,71
88|05,27
63|02,06
86|89,61
35|06,61
95|40,71
96|30,37
99|51,17
83|67,59
81|47,83
19|45,06
56|61,02
89|63,46
81|90,18
18|23,58
3|64,15
82|67,34
91|08,32
30|56,88
68|74,39
81|24,80
62|90,11
9|32,72
62|98,66
31|39,45
1|09,51
6|38,19
65|20,05
98|72,20
73|01,93
16|78,92
35|63,69
82|43,85
89|10,26
59|59,26
97|89,32
79|42,83
54|54,84
75|51,02
97|97,88
43|52,90
23|73,47
94|86,00
7|45,55
4|78,55
60|04,37
18|91,49
14|23,65
38|03,23
68|32,34
4|70,67
77|18,26
43|05,14
62|89,07
38|64,62
54|54,98
25|96,75
33|13,24
56|39,87
59|74,96
19|77,39
34|89,81
58|33,92
72|04,78
40|36,99
20|98,94
4|84,06
75|91,75
44|91,45
88|08,75
42|08,36
3|57,88
8|62,81
84|44,84
97|87,50
67|50,76
80|51,18
44|42,09
65|88,86
76|02,19
52|16,46
97|65,50
28|03,72
24|50,57
84|44,73
47|02,48
9|96,54
96|62,30
68|15,89
25|32,50
63|12,38
44|05,78
72|23,94
83|85,00
92|08,26
62|82,68
78|43,43
33|30,83
1|27,49
45|63,55
85|33,95
68|26,26
32|10,58
31|07,52
25|09,63
47|49,75
15|54,75
16|40,80
71|01,13
59|15,46
46|81,40
19|50,51
78|20,63
21|45,80
20|54,29
76|75,41
20|75,96
39|57,58
57|06,34
39|32,62
9|71,75
57|69,41
68|06,46
40|69,70
86|36,33
28|91,43
10|89,25
87|92,16
21|19,51
23|36,01
91|81,19
39|58,82
71|09,79
51|33,43
78|56,93
71|16,14
66|01,54
64|58,60
72|25,85
75|19,30
5|51,91
64|89,65
1|58,44
50|98,26
8|37,72
40|24,66
66|38,32
55|12,28
8|62,73
36|45,55
11|60,11
78|91,77
5|80,35
58|98,35
45|76,00
55|84,81
91|93,15
27|30,24
35|07,48
54|02,86
69|61,93
95|23,81
97|71,71
99|21,38
37|64,50
77|58,48
18|14,28
31|23,80
76|87,52
69|65,46
47|99,73
47|03,90
2|83,29
56|50,43
62|26,91
48|55,14
10|93,94
21|34,95
30|50,44
43|04,59
87|55,56
69|83,43
96|75,32
84|16,96
62|39,72
53|57,06
2|51,82
64|01,33
63|70,34
13|82,65
35|48,64
72|86,88
75|68,33
46|64,13
67|11,29
65|27,34
69|37,47
68|53,43
68|74,14
40|56,51
73|14,36
83|15,74
53|71,17
78|28,91
53|65,08
26|35,72
2|47,76
12|78,80
35|08,50
99|33,09
85|68,35
25|55,68
8|37,72
38|39,58
91|18,64
17|93,99
43|37,12
89|45,67
16|34,90
8|34,41
48|84,73
60|63,63
25|96,47
13|08,98
99|28,71
1|07,47
58|02,19
95|96,84
92|34,39
87|27,96
31|69,69
80|37,88
46|99,15
54|87,58
89|92,95
44|56,49
73|55,52
30|29,64
89|02,33
73|09,56
2|97,76
36|84,39
55|50,21
78|95,27
52|46,50
41|15,01
77|17,30
64|76,62
92|22,13
17|50,50
17|97,82
19|71,19
83|39,97
71|56,82
9|62,05
74|22,38
39|39,43
17|11,15
74|71,34
2|71,05
82|21,37
14|17,94
7|49,07
36|84,00
13|41,14
40|16,03
24|17,38
86|14,56
43|03,14
62|45,18
50|44,11
29|04,74
38|13,37
84|18,77
60|24,34
41|96,92
56|14,22
51|59,59
52|93,22
60|88,87
13|40,85
80|03,80
38|83,01
50|80,13
18|38,24
75|75,41
6|61,14
95|55,23
17|31,56
43|35,19
55|35,96
97|85,20
70|06,33
70|32,83
80|34,80
65|47,58
67|86,59
27|24,68
82|64,94
37|93,60
53|92,80
79|37,93
94|70,24
42|36,55
60|60,11
83|91,14
30|63,98
36|07,28
98|41,76
76|68,88
22|54,04
25|07,54
98|71,39
35|29,02
11|66,74
33|91,40
1|64,34
98|11,10
10|33,82
29|69,70
16|35,94
50|55,36
71|42,33
18|07,83
45|42,72
59|74,41
28|38,40
60|09,71
19|55,15
53|25,72
26|81,17
65|80,80
50|06,07
41|21,76
37|22,60
45|58,12
4|80,02
99|97,23
81|37,21
90|80,53
14|28,37
33|94,88
71|83,53
77|90,29
66|89,19
22|90,39
7|88,29
73|22,57
96|52,35
34|85,76
65|30,56
35|73,46
21|25,48
17|44,95
15|38,64
94|42,77
99|27,03
89|83,71
48|06,13
85|85,86
34|88,01
49|32,76
77|55,27
80|38,13
56|87,99
28|81,39
63|06,04
79|59,51
99|34,58
9|26,01
23|35,97
17|97,85
1|99,12
45|79,98
70|21,22
76|91,80
33|36,68
20|19,48
14|68,54
51|18,10
57|19,30
23|45,03
70|22,20
80|48,12
54|43,27
47|66,75
27|03,80
5|17,71
60|64,60
49|65,64
87|92,26
42|22,53
55|41,47
36|67,76
45|45,20
64|51,26
47|05,99
53|11,40
51|83,39
36|75,75
52|73,34
81|61,12
50|29,52
93|73,65
60|53,45
30|19,73
56|54,05
74|02,73
4|09,89
51|49,17
13|30,65
67|35,89
32|14,53
12|68,25
98|72,35
45|43,31
8|71,05
43|12,01
4|72,74
27|56,40
63|23,23
30|18,67
18|69,69
65|58,58
6|26,48
94|01,11
62|10,43
92|03,63
92|09,22
87|12,79
4|24,69
29|94,96
6|24,78
55|39,39
88|89,00
60|27,26
6|50,93
65|56,06
98|45,81
23|18,35
95|53,88
16|78,65
79|73,14
91|30,14
56|79,70
35|53,51
3|84,66
51|34,37
69|76,41
93|53,25
81|43,54
54|37,64
35|03,44
65|22,17
0|04,78
93|55,74
91|20,36
1|21,23
2|04,16
90|87,16
92|81,12
23|41,35
99|12,29
52|54,52
8|60,83
37|53,52
70|91,08
73|52,48
26|82,80
42|23,40
54|20,50
52|91,13
80|18,58
32|24,84
26|37,18
39|25,79
33|57,26
56|41,34
0|76,26
19|52,05
9|19,80
36|44,98
6|24,20
29|15,10
65|64,07
84|87,94
34|20,16
62|54,16
93|08,22
47|25,40
53|33,81
89|32,31
98|06,83
25|19,47
8|86,27
17|51,85
55|10,64
52|85,01
23|67,13
1|88,53
28|49,05
97|42,91
61|45,12
11|08,70
56|10,64
13|80,19
26|08,66
80|42,95
11|38,14
42|81,35
48|81,82
80|17,18
11|89,86
8|91,28
5|47,87
35|68,31
84|77,77
94|24,20
32|52,65
69|08,51
31|91,08
81|85,18
93|39,28
95|56,84
40|54,27
55|12,84
1|73,97
38|51,71
19|24,14
79|61,08
39|26,39
45|17,72
76|00,42
75|32,72
6|17,89
24|58,05
16|70,48
35|89,90
10|08,68
99|17,72
91|86,46
80|88,50
89|10,09
87|81,88
62|51,95
3|08,24
56|96,28
21|87,97
52|75,76
38|39,34
48|65,30
43|95,34
2|95,85
73|35,29
10|55,35
11|65,13
54|35,86
77|33,23
44|38,13
94|30,65
78|35,69
99|44,50
87|53,95
88|41,24
42|06,77
53|47,30
32|45,51
59|02,45
1|24,17
63|67,02
45|77,27
35|08,25
23|47,75
8|38,82
39|83,33
45|26,36
59|29,05
39|26,57
24|16,21
59|75,10
23|33,51
23|17,00
85|50,06
35|31,38
93|31,22
88|33,44
11|72,98
71|01,28
82|11,88
82|76,19
32|14,31
55|77,80
94|04,31
97|66,00
18|35,52
87|56,86
26|93,43
51|85,01
20|90,03
56|15,80
0|88,05
26|90,14
70|41,92
70|92,33
54|07,86
50|26,68
7|44,25
91|18,66
53|90,78
12|81,35
13|70,58
43|20,87
64|96,72
25|83,95
3|34,39
91|08,17
36|78,09
0|89,60
11|91,97
91|32,84
99|93,81
44|03,94
18|80,22
1|82,35
23|80,49
46|77,32
18|11,21
14|85,29
92|43,97
86|43,48
85|20,65
28|45,98
61|32,98
51|00,54
74|64,57
62|05,83
50|18,78
64|78,78
19|65,44
23|39,31
86|44,41
54|68,12
30|12,49
9|87,42
35|06,32
81|37,75
54|00,64
55|76,64
19|07,47
57|06,73
91|87,19
5|51,22
61|20,90
25|34,97
73|22,62
73|90,21
85|24,16
69|08,98
84|62,73
53|60,17
93|77,37
32|92,65
64|44,42
27|71,83
52|56,62
81|88,28
87|53,01
6|10,28
65|99,39
80|38,64
6|67,92
29|22,49
0|44,31
35|30,94
49|15,47
27|19,48
30|90,13
81|70,74
46|28,00
66|00,94
55|29,59
50|84,87
79|74,39
63|95,94
80|03,93
24|11,15
63|90,13
54|11,44
59|02,64
33|36,04
96|70,47
73|70,36
88|53,90
77|41,02
42|50,80
94|92,01
70|05,21
55|19,64
98|39,75
66|92,78
56|04,73
64|98,87
42|68,34
9|21,59
42|22,88
75|70,61
6|63,68
79|67,48
66|26,97
6|68,93
97|42,08
22|55,59
90|54,93
28|80,58
23|62,95
49|58,28
45|12,25
64|56,90
59|56,16
28|04,58
11|83,20
5|56,90
70|09,33
1|88,01
58|54,71
76|76,38
31|33,25
8|33,71
89|69,92
56|82,05
21|95,90
45|42,13
92|58,34
46|18,95
45|62,41
60|24,20
67|89,71
20|36,48
31|66,63
67|53,79
82|11,08
12|34,81
58|85,72
42|09,97
20|12,56
56|28,71
61|92,71
74|47,70
32|85,44
51|88,40
80|29,34
34|00,03
98|07,39
88|80,47
63|88,02
19|32,78
18|12,53
36|59,10
99|25,06
18|04,07
87|40,63
70|02,52
99|90,54
16|35,15
46|87,34
7|48,92
95|06,47
29|49,25
78|08,95
33|68,89
60|48,13
37|10,27
50|55,56
45|98,22
40|56,99
65|01,96
55|59,65
62|91,02
81|48,15
27|48,72
22|90,94
13|78,53
80|79,48
2|13,54
10|62,24
18|97,38
52|23,04
46|25,20
13|79,09
15|15,72
89|97,06
43|62,80
36|32,39
65|92,94
23|78,28
39|92,92
92|49,48
48|63,86
63|42,21
6|31,02
17|52,62
73|23,70
39|33,43
61|04,23
53|90,62
64|85,73
49|58,22
12|25,08
54|76,79
18|46,36
90|90,63
36|63,17
89|33,79
6|41,45
3|20,92
74|40,23
44|82,86
54|85,56
78|28,45
43|80,29
25|97,83
47|25,21
77|21,77
53|01,38
20|81,05
16|80,70
16|24,12
75|76,20
33|80,36
66|44,89
5|57,85
99|71,02
35|13,36
43|46,25
72|90,52
17|04,37
30|87,12
31|11,75
37|83,78
7|48,04
0|30,88
13|43,57
